{
    "1": {
        "Earliest": 24.0,
        "Latest": 30.0,
        "coordinates": {
            "x": 10.25,
            "y": 12.25
        },
        "demand": 1,
        "service_time": 10.0
    },
    "10": {
        "Earliest": 24.0,
        "Latest": 30.0,
        "coordinates": {
            "x": 7.5,
            "y": 15.0
        },
        "demand": 1,
        "service_time": 10.0
    },
    "11": {
        "Earliest": 29.0,
        "Latest": 35.0,
        "coordinates": {
            "x": 5.0,
            "y": 16.25
        },
        "demand": 2,
        "service_time": 10.0
    },
    "12": {
        "Earliest": 24.0,
        "Latest": 30.0,
        "coordinates": {
            "x": 12.5,
            "y": 8.75
        },
        "demand": 3,
        "service_time": 10.0
    },
    "13": {
        "Earliest": 20.0,
        "Latest": 26.0,
        "coordinates": {
            "x": 7.5,
            "y": 6.25
        },
        "demand": 1,
        "service_time": 10.0
    },
    "14": {
        "Earliest": 12.0,
        "Latest": 18.0,
        "coordinates": {
            "x": 3.75,
            "y": 2.5
        },
        "demand": 2,
        "service_time": 10.0
    },
    "15": {
        "Earliest": 21.0,
        "Latest": 27.0,
        "coordinates": {
            "x": 7.5,
            "y": 1.25
        },
        "demand": 3,
        "service_time": 10.0
    },
    "16": {
        "Earliest": 7.0,
        "Latest": 13.0,
        "coordinates": {
            "x": 2.5,
            "y": 5.0
        },
        "demand": 1,
        "service_time": 10.0
    },
    "17": {
        "Earliest": 17.0,
        "Latest": 23.0,
        "coordinates": {
            "x": 1.25,
            "y": 7.5
        },
        "demand": 2,
        "service_time": 10.0
    },
    "18": {
        "Earliest": 17.0,
        "Latest": 23.0,
        "coordinates": {
            "x": 5.0,
            "y": 10.0
        },
        "demand": 3,
        "service_time": 10.0
    },
    "19": {
        "Earliest": 24.0,
        "Latest": 30.0,
        "coordinates": {
            "x": 3.75,
            "y": 15.0
        },
        "demand": 1,
        "service_time": 10.0
    },
    "2": {
        "Earliest": 13.0,
        "Latest": 19.0,
        "coordinates": {
            "x": 8.75,
            "y": 4.25
        },
        "demand": 2,
        "service_time": 10.0
    },
    "20": {
        "Earliest": 6.0,
        "Latest": 12.0,
        "coordinates": {
            "x": 11.25,
            "y": 16.25
        },
        "demand": 2,
        "service_time": 10.0
    },
    "21": {
        "Earliest": 29.0,
        "Latest": 35.0,
        "coordinates": {
            "x": 11.25,
            "y": 5.0
        },
        "demand": 3,
        "service_time": 10.0
    },
    "22": {
        "Earliest": 8.0,
        "Latest": 14.0,
        "coordinates": {
            "x": 11.25,
            "y": 2.5
        },
        "demand": 3,
        "service_time": 10.0
    },
    "23": {
        "Earliest": 17.0,
        "Latest": 23.0,
        "coordinates": {
            "x": 13.75,
            "y": 1.25
        },
        "demand": 1,
        "service_time": 10.0
    },
    "24": {
        "Earliest": 21.0,
        "Latest": 27.0,
        "coordinates": {
            "x": 16.25,
            "y": 8.75
        },
        "demand": 2,
        "service_time": 10.0
    },
    "25": {
        "Earliest": 27.0,
        "Latest": 33.0,
        "coordinates": {
            "x": 16.25,
            "y": 5.0
        },
        "demand": 3,
        "service_time": 10.0
    },
    "26": {
        "Earliest": 11.0,
        "Latest": 17.0,
        "coordinates": {
            "x": 11.25,
            "y": 7.5
        },
        "demand": 1,
        "service_time": 10.0
    },
    "27": {
        "Earliest": 10.0,
        "Latest": 16.0,
        "coordinates": {
            "x": 8.75,
            "y": 10.0
        },
        "demand": 2,
        "service_time": 10.0
    },
    "28": {
        "Earliest": 6.0,
        "Latest": 12.0,
        "coordinates": {
            "x": 10.25,
            "y": 9.25
        },
        "demand": 3,
        "service_time": 10.0
    },
    "29": {
        "Earliest": 23.0,
        "Latest": 29.0,
        "coordinates": {
            "x": 16.0,
            "y": 10.5
        },
        "demand": 1,
        "service_time": 10.0
    },
    "3": {
        "Earliest": 24.0,
        "Latest": 30.0,
        "coordinates": {
            "x": 13.75,
            "y": 11.25
        },
        "demand": 3,
        "service_time": 10.0
    },
    "30": {
        "Earliest": 7.0,
        "Latest": 13.0,
        "coordinates": {
            "x": 10.0,
            "y": 15.0
        },
        "demand": 2,
        "service_time": 10.0
    },
    "31": {
        "Earliest": 29.0,
        "Latest": 35.0,
        "coordinates": {
            "x": 7.75,
            "y": 13.0
        },
        "demand": 3,
        "service_time": 10.0
    },
    "32": {
        "Earliest": 10.0,
        "Latest": 16.0,
        "coordinates": {
            "x": 8.75,
            "y": 17.25
        },
        "demand": 1,
        "service_time": 10.0
    },
    "33": {
        "Earliest": 10.0,
        "Latest": 16.0,
        "coordinates": {
            "x": 13.25,
            "y": 13.0
        },
        "demand": 2,
        "service_time": 10.0
    },
    "34": {
        "Earliest": 8.0,
        "Latest": 14.0,
        "coordinates": {
            "x": 16.25,
            "y": 13.75
        },
        "demand": 3,
        "service_time": 10.0
    },
    "35": {
        "Earliest": 22.0,
        "Latest": 28.0,
        "coordinates": {
            "x": 15.75,
            "y": 16.25
        },
        "demand": 1,
        "service_time": 10.0
    },
    "36": {
        "Earliest": 15.0,
        "Latest": 21.0,
        "coordinates": {
            "x": 0.5,
            "y": 15.0
        },
        "demand": 2,
        "service_time": 10.0
    },
    "37": {
        "Earliest": 19.0,
        "Latest": 25.0,
        "coordinates": {
            "x": 5.0,
            "y": 5.0
        },
        "demand": 3,
        "service_time": 10.0
    },
    "38": {
        "Earliest": 29.0,
        "Latest": 35.0,
        "coordinates": {
            "x": 1.25,
            "y": 1.25
        },
        "demand": 1,
        "service_time": 10.0
    },
    "39": {
        "Earliest": 23.0,
        "Latest": 29.0,
        "coordinates": {
            "x": 15.0,
            "y": 3.0
        },
        "demand": 2,
        "service_time": 10.0
    },
    "4": {
        "Earliest": 14.0,
        "Latest": 20.0,
        "coordinates": {
            "x": 13.75,
            "y": 5.0
        },
        "demand": 1,
        "service_time": 10.0
    },
    "40": {
        "Earliest": 24.0,
        "Latest": 30.0,
        "coordinates": {
            "x": 10.0,
            "y": 6.25
        },
        "demand": 3,
        "service_time": 10.0
    },
    "41": {
        "Earliest": 9.0,
        "Latest": 15.0,
        "coordinates": {
            "x": 10.5,
            "y": 1.75
        },
        "demand": 1,
        "service_time": 10.0
    },
    "42": {
        "Earliest": 23.0,
        "Latest": 29.0,
        "coordinates": {
            "x": 6.0,
            "y": 3.0
        },
        "demand": 2,
        "service_time": 10.0
    },
    "43": {
        "Earliest": 23.0,
        "Latest": 29.0,
        "coordinates": {
            "x": 5.75,
            "y": 0.75
        },
        "demand": 3,
        "service_time": 10.0
    },
    "44": {
        "Earliest": 12.0,
        "Latest": 18.0,
        "coordinates": {
            "x": 2.75,
            "y": 3.5
        },
        "demand": 1,
        "service_time": 10.0
    },
    "45": {
        "Earliest": 26.0,
        "Latest": 32.0,
        "coordinates": {
            "x": 1.5,
            "y": 9.5
        },
        "demand": 2,
        "service_time": 10.0
    },
    "46": {
        "Earliest": 26.0,
        "Latest": 32.0,
        "coordinates": {
            "x": 0.5,
            "y": 12.0
        },
        "demand": 3,
        "service_time": 10.0
    },
    "47": {
        "Earliest": 13.0,
        "Latest": 19.0,
        "coordinates": {
            "x": 2.0,
            "y": 14.0
        },
        "demand": 1,
        "service_time": 10.0
    },
    "48": {
        "Earliest": 8.0,
        "Latest": 14.0,
        "coordinates": {
            "x": 3.25,
            "y": 13.0
        },
        "demand": 2,
        "service_time": 10.0
    },
    "49": {
        "Earliest": 11.0,
        "Latest": 17.0,
        "coordinates": {
            "x": 1.5,
            "y": 17.0
        },
        "demand": 3,
        "service_time": 10.0
    },
    "5": {
        "Earliest": 12.0,
        "Latest": 18.0,
        "coordinates": {
            "x": 3.75,
            "y": 7.5
        },
        "demand": 2,
        "service_time": 10.0
    },
    "50": {
        "Earliest": 10.0,
        "Latest": 16.0,
        "coordinates": {
            "x": 11.75,
            "y": 11.75
        },
        "demand": 1,
        "service_time": 10.0
    },
    "6": {
        "Earliest": 21.0,
        "Latest": 27.0,
        "coordinates": {
            "x": 6.25,
            "y": 7.5
        },
        "demand": 3,
        "service_time": 10.0
    },
    "7": {
        "Earliest": 22.0,
        "Latest": 28.0,
        "coordinates": {
            "x": 5.0,
            "y": 12.5
        },
        "demand": 1,
        "service_time": 10.0
    },
    "8": {
        "Earliest": 6.0,
        "Latest": 12.0,
        "coordinates": {
            "x": 2.5,
            "y": 10.75
        },
        "demand": 2,
        "service_time": 10.0
    },
    "9": {
        "Earliest": 28.0,
        "Latest": 34.0,
        "coordinates": {
            "x": 13.75,
            "y": 15.0
        },
        "demand": 3,
        "service_time": 10.0
    },
    "Capacity": 200.0,
    "deport": {
        "Earliest": 0.0,
        "Latest": 30.0,
        "coordinates": {
            "x": 20.0,
            "y": 10.0
        },
        "demand": 0,
        "service_time": 0.0
    },
    "distance_matrix": [
        [
            0.0,
            10.00624804809475,
            12.634278768493278,
            6.373774391990981,
            8.00390529679106,
            16.441183047457383,
            13.975424859373685,
            15.20690632574555,
            17.51606405560336,
            8.00390529679106,
            13.46291201783626,
            16.25,
            7.603453162872775,
            13.050383136138187,
            17.89727632909544,
            15.258194519667128,
            18.200274723201296,
            18.915932438026946,
            15.0,
            17.001838135919304,
            10.752906583803284,
            10.077822185373186,
            11.52443057161611,
            10.752906583803284,
            3.952847075210474,
            6.25,
            9.100137361600648,
            11.25,
            9.778803607803972,
            4.031128874149275,
            11.180339887498949,
            12.61199825562944,
            13.383758814324173,
            7.386643351347079,
            5.303300858899107,
            7.558108228915487,
            20.130822139197395,
            15.811388300841896,
            20.691181696558562,
            8.602325267042627,
            10.680004681646913,
            12.58222953216162,
            15.652475842498529,
            16.988967008032006,
            18.434003905825776,
            18.506755523321747,
            19.60229578391266,
            18.439088914585774,
            17.016536075241635,
            19.78004044485248,
            8.4335638967165
        ],
        [
            10.00624804809475,
            0.0,
            8.139410298049853,
            3.640054944640259,
            8.050621094052309,
            8.050621094052309,
            6.209871174187111,
            5.25594901040716,
            7.893826701923472,
            4.451123453691214,
            3.8890872965260113,
            6.600189391222043,
            4.16082924427331,
            6.600189391222043,
            11.718041645257966,
            11.338540470448567,
            10.612492638395562,
            10.17656621852381,
            5.7118298293979315,
            7.057797106746552,
            4.123105625617661,
            7.318640584152224,
            9.80114789195633,
            11.543396380615196,
            6.946221994724902,
            9.410765112359355,
            4.8541219597369,
            2.704163456597992,
            3.0,
            6.010407640085654,
            2.7613402542968153,
            2.6100766272276377,
            5.220153254455275,
            3.092329219213245,
            6.18465843842649,
            6.800735254367722,
            10.130399794677405,
            8.951256894984079,
            14.212670403551895,
            10.398317171542711,
            6.005206074732157,
            10.502975768800002,
            10.179636535751166,
            12.349089035228468,
            11.52443057161611,
            9.17196816392207,
            9.75320460156558,
            8.4335638967165,
            7.0400639201643616,
            9.956153875869939,
            1.5811388300841898
        ],
        [
            12.634278768493278,
            8.139410298049853,
            0.0,
            8.602325267042627,
            5.055937104039171,
            5.963430220938282,
            4.100304866714182,
            9.06228448019593,
            9.017344398435716,
            11.855905701379376,
            10.822430410956681,
            12.572290960680158,
            5.8576872569299905,
            2.358495283014151,
            5.297405025104273,
            3.25,
            6.294839156007086,
            8.173891362135908,
            6.864765108872991,
            11.855905701379376,
            12.257650672131263,
            2.6100766272276377,
            3.0516389039334255,
            5.830951894845301,
            8.74642784226795,
            7.5374067158406675,
            4.100304866714182,
            5.75,
            5.220153254455275,
            9.572094859538323,
            10.822430410956681,
            8.806957476904268,
            13.0,
            9.839334327077214,
            12.103718436910205,
            13.892443989449804,
            13.550830232867652,
            3.824264635194589,
            8.077747210701755,
            6.373774391990981,
            2.358495283014151,
            3.0516389039334255,
            3.020761493398643,
            4.6097722286464435,
            6.046693311223912,
            8.951256894984079,
            11.319231422671772,
            11.858541225631422,
            10.335013304297194,
            14.66714014387263,
            8.077747210701755
        ],
        [
            6.373774391990981,
            3.640054944640259,
            8.602325267042627,
            0.0,
            6.25,
            10.680004681646913,
            8.38525491562421,
            8.838834764831844,
            11.261105629555209,
            3.75,
            7.2886898685566255,
            10.077822185373186,
            2.7950849718747373,
            8.00390529679106,
            13.287682265918312,
            11.792476415070755,
            12.869537676233751,
            13.050383136138187,
            8.838834764831844,
            10.680004681646913,
            5.5901699437494745,
            6.73145600891813,
            9.100137361600648,
            10.0,
            3.5355339059327378,
            6.73145600891813,
            4.5069390943299865,
            5.153882032022076,
            4.031128874149275,
            2.3717082451262845,
            5.303300858899107,
            6.25,
            7.810249675906654,
            1.8200274723201295,
            3.5355339059327378,
            5.385164807134504,
            13.77043935392041,
            10.752906583803284,
            16.00781059358212,
            8.344159634139318,
            6.25,
            10.040542814011602,
            11.319231422671772,
            13.200378782444085,
            13.455946640797888,
            12.374368670764582,
            13.271209439986997,
            12.06751838614717,
            10.644834428021884,
            13.532368602724357,
            2.0615528128088303
        ],
        [
            8.00390529679106,
            8.050621094052309,
            5.055937104039171,
            6.25,
            0.0,
            10.307764064044152,
            7.905694150420948,
            11.52443057161611,
            12.634278768493278,
            10.0,
            11.792476415070755,
            14.252192813739224,
            3.952847075210474,
            6.373774391990981,
            10.307764064044152,
            7.2886898685566255,
            11.25,
            12.747548783981962,
            10.077822185373186,
            14.142135623730951,
            11.52443057161611,
            2.5,
            3.5355339059327378,
            3.75,
            4.5069390943299865,
            2.5,
            3.5355339059327378,
            7.0710678118654755,
            5.50567888638631,
            5.942432162002357,
            10.680004681646913,
            10.0,
            13.231118622399242,
            8.0156097709407,
            9.100137361600648,
            11.42639488202644,
            16.60007530103403,
            8.75,
            13.050383136138187,
            2.358495283014151,
            3.952847075210474,
            4.596194077712559,
            8.00390529679106,
            9.058835465996719,
            11.10180165558726,
            13.050383136138187,
            14.985409570645709,
            14.800760115615684,
            13.200378782444085,
            17.148250639642516,
            7.0400639201643616
        ],
        [
            16.441183047457383,
            8.050621094052309,
            5.963430220938282,
            10.680004681646913,
            10.307764064044152,
            0.0,
            2.5,
            5.153882032022076,
            3.48209706929603,
            12.5,
            8.38525491562421,
            8.838834764831844,
            8.838834764831844,
            3.952847075210474,
            5.0,
            7.2886898685566255,
            2.7950849718747373,
            2.5,
            2.7950849718747373,
            7.5,
            11.52443057161611,
            7.905694150420948,
            9.013878188659973,
            11.792476415070755,
            12.562344526401112,
            12.747548783981962,
            7.5,
            5.5901699437494745,
            6.73145600891813,
            12.61199825562944,
            9.762812094883317,
            6.800735254367722,
            10.957303500405564,
            10.977249200050075,
            13.975424859373685,
            14.851346740279146,
            8.173891362135908,
            2.7950849718747373,
            6.73145600891813,
            12.116620816052635,
            6.373774391990981,
            8.8670739254841,
            5.031152949374527,
            7.0400639201643616,
            4.123105625617661,
            3.010398644698074,
            5.55090082779363,
            6.73145600891813,
            5.522680508593631,
            9.762812094883317,
            9.058835465996719
        ],
        [
            13.975424859373685,
            6.209871174187111,
            4.100304866714182,
            8.38525491562421,
            7.905694150420948,
            2.5,
            0.0,
            5.153882032022076,
            4.962358310319802,
            10.606601717798213,
            7.603453162872775,
            8.838834764831844,
            6.373774391990981,
            1.7677669529663689,
            5.5901699437494745,
            6.373774391990981,
            4.5069390943299865,
            5.0,
            2.7950849718747373,
            7.905694150420948,
            10.077822185373186,
            5.5901699437494745,
            7.0710678118654755,
            9.762812094883317,
            10.077822185373186,
            10.307764064044152,
            5.0,
            3.5355339059327378,
            4.366062299143245,
            10.201102881551583,
            8.38525491562421,
            5.70087712549569,
            10.065411069598698,
            8.902246907382429,
            11.792476415070755,
            12.91559135308949,
            9.4505290857179,
            2.7950849718747373,
            8.00390529679106,
            9.839334327077214,
            3.952847075210474,
            7.1501748230375455,
            4.5069390943299865,
            6.768493185340442,
            5.315072906367325,
            5.153882032022076,
            7.301540933255117,
            7.766112283504533,
            6.264982043070834,
            10.621322893124,
            6.950719387228922
        ],
        [
            15.20690632574555,
            5.25594901040716,
            9.06228448019593,
            8.838834764831844,
            11.52443057161611,
            5.153882032022076,
            5.153882032022076,
            0.0,
            3.0516389039334255,
            9.100137361600648,
            3.5355339059327378,
            3.75,
            8.38525491562421,
            6.73145600891813,
            10.077822185373186,
            11.52443057161611,
            7.905694150420948,
            6.25,
            2.5,
            2.7950849718747373,
            7.2886898685566255,
            9.762812094883317,
            11.792476415070755,
            14.252192813739224,
            11.858541225631422,
            13.52081728298996,
            8.00390529679106,
            4.5069390943299865,
            6.174544517614234,
            11.180339887498949,
            5.5901699437494745,
            2.7950849718747373,
            6.051859218455102,
            8.26513762740827,
            11.319231422671772,
            11.3852975367357,
            5.1478150704935,
            7.5,
            11.858541225631422,
            13.793114224133722,
            8.00390529679106,
            12.075284675733322,
            9.5524865872714,
            11.773911839316616,
            9.276987657639737,
            4.6097722286464435,
            4.527692569068709,
            3.3541019662496847,
            1.8200274723201295,
            5.70087712549569,
            6.791538853603062
        ],
        [
            17.51606405560336,
            7.893826701923472,
            9.017344398435716,
            11.261105629555209,
            12.634278768493278,
            3.48209706929603,
            4.962358310319802,
            3.0516389039334255,
            0.0,
            12.026013470805694,
            6.562202374203344,
            6.041522986797286,
            10.198039027185569,
            6.726812023536855,
            8.344159634139318,
            10.735455276791944,
            5.75,
            3.48209706929603,
            2.6100766272276377,
            4.430011286667337,
            10.335013304297194,
            10.470195795685962,
            12.026013470805694,
            14.724554322627222,
            13.894693231590253,
            14.90385856078888,
            9.334077351297235,
            6.294839156007086,
            7.893826701923472,
            13.502314616390777,
            8.620469824783333,
            5.7118298293979315,
            9.017344398435716,
            10.982941318244398,
            14.073467945037569,
            14.346166735403573,
            4.697073557013984,
            6.269968101992227,
            9.5818839483684,
            14.707566080082728,
            8.74642784226795,
            12.041594578792296,
            8.503675675847475,
            10.514870422406545,
            7.254309064273454,
            1.6007810593582121,
            2.358495283014151,
            3.2882366094914763,
            2.3717082451262845,
            6.329494450586082,
            9.303897032964198
        ],
        [
            8.00390529679106,
            4.451123453691214,
            11.855905701379376,
            3.75,
            10.0,
            12.5,
            10.606601717798213,
            9.100137361600648,
            12.026013470805694,
            0.0,
            6.25,
            8.838834764831844,
            6.373774391990981,
            10.752906583803284,
            16.00781059358212,
            15.103807466993215,
            15.051993223490369,
            14.577379737113251,
            10.077822185373186,
            10.0,
            2.7950849718747373,
            10.307764064044152,
            12.747548783981962,
            13.75,
            6.73145600891813,
            10.307764064044152,
            7.905694150420948,
            7.0710678118654755,
            6.73145600891813,
            5.031152949374527,
            3.75,
            6.324555320336759,
            5.482928049865327,
            2.0615528128088303,
            2.7950849718747373,
            2.358495283014151,
            13.25,
            13.287682265918312,
            18.58258593414813,
            12.064928512013655,
            9.519716382329886,
            13.642763649642253,
            14.285044627161653,
            16.342046995404218,
            15.913830462839549,
            13.428049001995785,
            13.585378169193525,
            11.792476415070755,
            10.688779163215974,
            12.41219158730641,
            3.816084380618437
        ],
        [
            13.46291201783626,
            3.8890872965260113,
            10.822430410956681,
            7.2886898685566255,
            11.792476415070755,
            8.38525491562421,
            7.603453162872775,
            3.5355339059327378,
            6.562202374203344,
            6.25,
            0.0,
            2.7950849718747373,
            8.00390529679106,
            8.75,
            13.050383136138187,
            13.75,
            11.180339887498949,
            9.762812094883317,
            5.5901699437494745,
            3.75,
            3.952847075210474,
            10.680004681646913,
            13.050383136138187,
            15.103807466993215,
            10.752906583803284,
            13.287682265918312,
            8.38525491562421,
            5.153882032022076,
            6.373774391990981,
            9.617692030835672,
            2.5,
            2.0155644370746373,
            2.57390753524675,
            6.0878978309429606,
            8.838834764831844,
            8.344159634139318,
            7.0,
            10.307764064044152,
            15.103807466993215,
            14.150971698084906,
            9.100137361600648,
            13.585378169193525,
            12.093386622447824,
            14.35705401536123,
            12.442367138129304,
            8.139410298049853,
            7.615773105863909,
            5.5901699437494745,
            4.697073557013984,
            6.324555320336759,
            5.350233639758174
        ],
        [
            16.25,
            6.600189391222043,
            12.572290960680158,
            10.077822185373186,
            14.252192813739224,
            8.838834764831844,
            8.838834764831844,
            3.75,
            6.041522986797286,
            8.838834764831844,
            2.7950849718747373,
            0.0,
            10.606601717798213,
            10.307764064044152,
            13.806701271484076,
            15.20690632574555,
            11.52443057161611,
            9.519716382329886,
            6.25,
            1.7677669529663689,
            6.25,
            12.869537676233751,
            15.103807466993215,
            17.365554986812256,
            13.52081728298996,
            15.90990257669732,
            10.752906583803284,
            7.2886898685566255,
            8.75,
            12.41219158730641,
            5.153882032022076,
            4.257346591481601,
            3.881043674065006,
            8.8670739254841,
            11.52443057161611,
            10.75,
            4.670385423067351,
            11.25,
            15.461646096066227,
            16.60007530103403,
            11.180339887498949,
            15.508062419270823,
            13.287682265918312,
            15.518134552838495,
            12.947007376224052,
            7.603453162872775,
            6.189709201569974,
            3.75,
            3.69120576505835,
            3.5794552658190883,
            8.112490369793976
        ],
        [
            7.603453162872775,
            4.16082924427331,
            5.8576872569299905,
            2.7950849718747373,
            3.952847075210474,
            8.838834764831844,
            6.373774391990981,
            8.38525491562421,
            10.198039027185569,
            6.373774391990981,
            8.00390529679106,
            10.606601717798213,
            0.0,
            5.5901699437494745,
            10.752906583803284,
            9.013878188659973,
            10.680004681646913,
            11.319231422671772,
            7.603453162872775,
            10.752906583803284,
            7.603453162872775,
            3.952847075210474,
            6.373774391990981,
            7.603453162872775,
            3.75,
            5.303300858899107,
            1.7677669529663689,
            3.952847075210474,
            2.3048861143232218,
            3.913118960624632,
            6.73145600891813,
            6.373774391990981,
            9.290452088031023,
            4.315669125408017,
            6.25,
            8.173891362135908,
            13.530059127734809,
            8.38525491562421,
            13.52081728298996,
            6.269968101992227,
            3.5355339059327378,
            7.280109889280518,
            8.678277478854891,
            10.46721070772916,
            11.073617295175051,
            11.025538535599972,
            12.432316759156356,
            11.739356881873896,
            10.179636535751166,
            13.75,
            3.092329219213245
        ],
        [
            13.050383136138187,
            6.600189391222043,
            2.358495283014151,
            8.00390529679106,
            6.373774391990981,
            3.952847075210474,
            1.7677669529663689,
            6.73145600891813,
            6.726812023536855,
            10.752906583803284,
            8.75,
            10.307764064044152,
            5.5901699437494745,
            0.0,
            5.303300858899107,
            5.0,
            5.153882032022076,
            6.373774391990981,
            4.5069390943299865,
            9.519716382329886,
            10.680004681646913,
            3.952847075210474,
            5.303300858899107,
            8.00390529679106,
            9.100137361600648,
            8.838834764831844,
            3.952847075210474,
            3.952847075210474,
            4.0697051490249265,
            9.503288904374106,
            9.100137361600648,
            6.754628043053148,
            11.070794912742265,
            8.8670739254841,
            11.52443057161611,
            12.963892162464173,
            11.205467415507485,
            2.7950849718747373,
            8.00390529679106,
            8.173891362135908,
            2.5,
            5.408326913195984,
            3.5794552658190883,
            5.771698190307598,
            5.488624600025037,
            6.823672031978091,
            9.058835465996719,
            9.503288904374106,
            7.976528066771908,
            12.31107225224513,
            6.950719387228922
        ],
        [
            17.89727632909544,
            11.718041645257966,
            5.297405025104273,
            13.287682265918312,
            10.307764064044152,
            5.0,
            5.5901699437494745,
            10.077822185373186,
            8.344159634139318,
            16.00781059358212,
            13.050383136138187,
            13.806701271484076,
            10.752906583803284,
            5.303300858899107,
            0.0,
            3.952847075210474,
            2.7950849718747373,
            5.5901699437494745,
            7.603453162872775,
            12.5,
            15.662455107677085,
            7.905694150420948,
            7.5,
            10.077822185373186,
            13.975424859373685,
            12.747548783981962,
            9.013878188659973,
            9.013878188659973,
            9.370832406995657,
            14.630874888399532,
            13.975424859373685,
            11.236102527122116,
            15.574418127172521,
            14.159802258506296,
            16.81703005884214,
            18.25,
            12.91559135308949,
            2.7950849718747373,
            2.7950849718747373,
            11.261105629555209,
            7.2886898685566255,
            6.791538853603062,
            2.3048861143232218,
            2.6575364531836625,
            1.4142135623730951,
            7.352720584926371,
            10.040542814011602,
            11.632390124131842,
            10.51189802081432,
            14.67353059082919,
            12.22957480863501
        ],
        [
            15.258194519667128,
            11.338540470448567,
            3.25,
            11.792476415070755,
            7.2886898685566255,
            7.2886898685566255,
            6.373774391990981,
            11.52443057161611,
            10.735455276791944,
            15.103807466993215,
            13.75,
            15.20690632574555,
            9.013878188659973,
            5.0,
            3.952847075210474,
            0.0,
            6.25,
            8.838834764831844,
            9.100137361600648,
            14.252192813739224,
            15.461646096066227,
            5.303300858899107,
            3.952847075210474,
            6.25,
            11.52443057161611,
            9.519716382329886,
            7.2886898685566255,
            8.838834764831844,
            8.459462157844316,
            12.562344526401112,
            13.975424859373685,
            11.75265927354316,
            16.048753845704034,
            13.08147545195113,
            15.258194519667128,
            17.11906831576999,
            15.429274124209472,
            4.5069390943299865,
            6.25,
            7.7014609003746815,
            5.5901699437494745,
            3.0413812651491097,
            2.3048861143232218,
            1.8200274723201295,
            5.25594901040716,
            10.201102881551583,
            12.8281916106675,
            13.885694076998815,
            12.4949989995998,
            16.854153790683174,
            11.327510759209192
        ],
        [
            18.200274723201296,
            10.612492638395562,
            6.294839156007086,
            12.869537676233751,
            11.25,
            2.7950849718747373,
            4.5069390943299865,
            7.905694150420948,
            5.75,
            15.051993223490369,
            11.180339887498949,
            11.52443057161611,
            10.680004681646913,
            5.153882032022076,
            2.7950849718747373,
            6.25,
            0.0,
            2.7950849718747373,
            5.5901699437494745,
            10.077822185373186,
            14.252192813739224,
            8.75,
            9.100137361600648,
            11.858541225631422,
            14.252192813739224,
            13.75,
            9.100137361600648,
            8.00390529679106,
            8.838834764831844,
            14.577379737113251,
            12.5,
            9.56882960450232,
            13.752272539475067,
            13.400093283257396,
            16.29800601300662,
            17.381743295768697,
            10.198039027185569,
            2.5,
            3.952847075210474,
            12.658988901172163,
            7.603453162872775,
            8.634958019585271,
            4.031128874149275,
            5.350233639758174,
            1.5206906325745548,
            4.6097722286464435,
            7.280109889280518,
            9.013878188659973,
            8.035079339994098,
            12.041594578792296,
            11.450982490598786
        ],
        [
            18.915932438026946,
            10.17656621852381,
            8.173891362135908,
            13.050383136138187,
            12.747548783981962,
            2.5,
            5.0,
            6.25,
            3.48209706929603,
            14.577379737113251,
            9.762812094883317,
            9.519716382329886,
            11.319231422671772,
            6.373774391990981,
            5.5901699437494745,
            8.838834764831844,
            2.7950849718747373,
            0.0,
            4.5069390943299865,
            7.905694150420948,
            13.287682265918312,
            10.307764064044152,
            11.180339887498949,
            13.975424859373685,
            15.051993223490369,
            15.20690632574555,
            10.0,
            7.905694150420948,
            9.168560410446124,
            15.051993223490369,
            11.52443057161611,
            8.514693182963201,
            12.300914600142544,
            13.200378782444085,
            16.25,
            16.93553955443995,
            7.5374067158406675,
            4.5069390943299865,
            6.25,
            14.467636296230287,
            8.838834764831844,
            10.891510455395983,
            6.5431261641512,
            8.112490369793976,
            4.272001872658765,
            2.0155644370746373,
            4.562071897723665,
            6.5431261641512,
            5.852349955359813,
            9.503288904374106,
            11.327510759209192
        ],
        [
            15.0,
            5.7118298293979315,
            6.864765108872991,
            8.838834764831844,
            10.077822185373186,
            2.7950849718747373,
            2.7950849718747373,
            2.5,
            2.6100766272276377,
            10.077822185373186,
            5.5901699437494745,
            6.25,
            7.603453162872775,
            4.5069390943299865,
            7.603453162872775,
            9.100137361600648,
            5.5901699437494745,
            4.5069390943299865,
            0.0,
            5.153882032022076,
            8.838834764831844,
            8.00390529679106,
            9.762812094883317,
            12.374368670764582,
            11.319231422671772,
            12.31107225224513,
            6.73145600891813,
            3.75,
            5.303300858899107,
            11.01135777277262,
            7.0710678118654755,
            4.0697051490249265,
            8.162413858657255,
            8.77852493303972,
            11.858541225631422,
            12.434830115445887,
            6.726812023536855,
            5.0,
            9.519716382329886,
            12.206555615733702,
            6.25,
            9.91526600752597,
            7.0710678118654755,
            9.280355596635292,
            6.878408246098802,
            3.5355339059327378,
            4.924428900898052,
            5.0,
            3.473110997362451,
            7.826237921249264,
            6.9731628404906765
        ],
        [
            17.001838135919304,
            7.057797106746552,
            11.855905701379376,
            10.680004681646913,
            14.142135623730951,
            7.5,
            7.905694150420948,
            2.7950849718747373,
            4.430011286667337,
            10.0,
            3.75,
            1.7677669529663689,
            10.752906583803284,
            9.519716382329886,
            12.5,
            14.252192813739224,
            10.077822185373186,
            7.905694150420948,
